-3.472054204167804858e+00 6.148472486739957610e+00 -2.960334806877009672e+00 -2.342495804231860212e+00
-4.659476108602047972e+00 -2.242494754113871558e+00 -4.984863086955723332e+00 -3.317120055994366989e-01
-3.692923918412249762e-01 5.473867805636383199e-01 1.301698671603273105e+01 -1.787567869289433453e+00
1.013988610652959643e+00 6.970913330033838839e+00 4.704640516365508951e+00 -1.152597275064394022e+00
-3.734381941936484317e+00 -3.996829456624547916e+00 9.037505935576326976e+00 1.775146121515005060e+00
-4.349351349690994795e+00 -1.062796975241167274e+01 -5.424399074327967085e+00 6.595847060435564568e-01
-9.024674757704760353e-01 -1.028404468913077885e+01 1.240882851829692379e+00 -5.556286190880340037e+00
-1.992004476445524030e+00 -4.745190334512932040e+00 8.360794233314928547e+00 -3.824101771897680635e+00
-3.754483357640447494e+00 2.406235117012710312e+00 -3.914178293701312317e+00 -1.416909800455669943e+00
-8.201706815960574382e-01 -5.248432923053062638e+00 -7.346804074658297878e+00 2.096707401788633796e+00
-5.835025432769768372e+00 -1.053699082869774806e+01 8.640815178843270772e+00 4.380966224400943965e-01
-1.933979946129669392e+00 7.762424067666716887e+00 2.153770012069368356e+00 -3.245130973690678378e+00
-3.950309664814775523e+00 -1.631053468687559516e+00 7.448659002804804530e+00 -3.503429168971677887e-01
-2.632294338867669836e+00 -3.816364599404244995e-01 4.533615937382220462e-01 -2.889944455268397050e+00
9.001274565095744862e-01 -5.254823354677488290e+00 6.206030136015893817e+00 -1.240753294913934823e+00
-1.290134484860754327e-01 -8.883774651153030222e-01 -4.575872588669436247e-01 4.507770550574448087e-01
1.243220826232776854e+00 -3.491822317403665110e+00 5.374480147139522046e+00 -3.489255138526237587e+00
-1.339608493656047727e+00 3.308454714775384886e+00 -6.095073429125935860e+00 -8.566074133198093854e-01
-3.674958895865331421e+00 6.299807496580416277e-01 2.445161764920397385e+00 -4.221877115369643718e+00
-4.270606099694432167e+00 6.527546060338897504e+00 9.195981255246195474e+00 3.639827943259215104e+00
-5.861124046504018636e+00 3.500504413138774140e+00 1.281036247778450488e+01 1.628569754819670923e+00
2.257056823830856374e+00 -5.300451180235765669e-02 5.485496041464498873e+00 7.305029255619879258e-01
-1.872569228850000433e+00 -2.167962280300048228e+00 -2.192473692137737462e+00 9.543562648652836877e-02
-1.805228316423042489e+00 -6.893297300389236604e+00 -1.499603117433130350e+00 -1.225571656473789739e+00
-3.489833104697202870e+00 2.152348935849601297e+00 -2.303597464905792425e+00 -5.526644952994356430e+00
-2.472283264649629331e+00 -7.843579046364400398e+00 -1.390748662024444027e+00 -2.570230614203879327e+00
-3.697719164148323578e+00 7.848902770230826498e+00 -6.715571209982842404e+00 -4.282972468214683026e-01
-4.232298983055640562e+00 4.663997442630082979e+00 -9.053885458971004496e+00 4.910142943349042888e-01
-3.251842017569671839e+00 9.739344939256431299e-01 1.824062060182409795e-01 -2.383946270402633516e+00
8.668082710882227815e-01 -1.920530413423240601e+00 1.279844548785778136e+00 9.209423126690268191e-01
-3.050537058485849329e-01 -1.407700189951935466e+00 4.068970955313080395e+00 -3.786559054887082887e+00
-3.907305144836568545e+00 -2.172090376347976637e+00 -3.850036963353176134e-01 1.481934342027342311e+00
-4.114823956402028138e+00 8.729929828495070154e+00 -2.772389463216907490e+00 -3.494183897950955409e+00
-3.641335253583637410e-01 3.906944813431541874e+00 6.685249541994135569e+00 6.082002868728730860e-01
-1.305052048575243706e+00 -1.448898797326703125e-01 5.203222578698188272e+00 -8.078830642835705955e-01
-1.759850343265734640e+00 -1.045405273475949137e+01 4.416422640705992109e+00 -4.623567698317192054e+00
-2.019852375896521668e+00 -1.068100905390763522e+00 3.788830199806145771e+00 -3.132330558451253744e+00
-1.928441600238206544e+00 -9.926798772592166031e+00 1.510544407538506384e+01 -2.531835698412500335e+00
-1.661377561782247936e+00 -9.063705359872750833e+00 1.082926623446041781e+01 3.568760040998309790e+00
3.133043173181886409e-01 -5.895938215904302560e+00 3.088545612401114582e+00 2.832320301494426484e-01
-2.336383401940717697e+00 -1.082567998317122804e+00 7.765331587287001014e+00 -4.068566914868328332e+00
-2.060459182445669057e+00 1.006588659588920365e+01 5.368383743547215481e+00 -5.124012604355554501e+00
-2.253599068695568697e+00 -7.895270563166118194e+00 1.303934365767920989e+00 -4.004334239138823470e+00
1.610093647007748707e+00 -5.273096634964589136e+00 1.933463917224416351e+00 -5.317805132417371183e+00
-2.094374053798925495e+00 -7.306806372170616903e+00 -1.737175715890202365e+00 -5.286139375565253928e+00
-3.351575820691373941e+00 -5.375702125478363236e+00 1.545468001719025875e+00 -1.779531884643417161e+00
-1.285849546137316946e+00 -8.683919734220038933e+00 5.192571689106080690e+00 -6.908431252647844190e-01
-5.360870755801316001e+00 4.118085323680153564e+00 -6.322743452525941166e+00 -1.574528751893994105e+00
-4.355405667227415734e+00 -8.153874131321721563e+00 -1.033522112773761936e+00 1.196903339197535221e+00
-7.015680473425234265e-01 -6.081766089881604387e+00 5.794822344077275034e-01 -2.291179245346459226e+00
-3.578264428869569969e+00 1.071084871595362742e+01 1.090783459186555504e+01 -1.099085755976716872e+00
-5.197716430440947555e+00 2.378935469962035754e+00 5.962063804005970802e+00 -1.585360187274249544e+00
-3.863978812440010735e+00 -7.322425361117688603e+00 2.908312089441216663e+00 -2.790536540192555925e+00
-5.321588862997677083e-01 1.386909601690975657e+00 4.099753678299339121e+00 1.552978344452754289e+00
-1.751047904863333171e+00 -7.804509573915255238e+00 -8.340160274715493927e+00 -7.089988335558777832e-01
-3.213102038435431407e-01 2.830446015100544166e+00 -2.162454237973575832e+00 -4.533980350739703624e+00
-5.314615906590582028e+00 -5.389752887274771531e+00 4.864665906614447088e+00 -2.855451776593197266e+00
-4.398283831994307391e+00 -3.262299671569171444e+00 8.181430991724699453e+00 -1.210439251340470479e+00
-2.031510434558069456e+00 3.296902688126565728e+00 -3.765252193878102727e+00 -2.232221548482258733e+00
-3.683509566236172539e+00 -5.106800253614395935e+00 -2.617620637088949653e+00 -4.357619670065583151e+00
6.823255505672269905e-01 6.136674251937845881e+00 3.762345605639599633e+00 -3.095856455932463058e-01
-2.674181525774208534e+00 -5.825584591748948604e+00 5.162489517291787067e+00 -4.192719569576549787e+00
-3.190196690838358329e+00 7.687227178955732931e+00 9.072791041072649776e+00 -2.668536817719478371e+00
-3.649734785920748514e+00 -7.189708838787017164e+00 5.358605955515976405e+00 -1.518498121089968400e+00
-1.161175695966028876e+00 -4.203211291145128037e+00 1.426099611058719185e+00 -1.656880917052162783e+00
-2.432149732060727487e+00 -2.920592902343499109e+00 1.098129123681383046e+00 -3.737309720466979179e+00
-3.903706711377932681e+00 -2.075594700059587350e+00 -1.785346887440812935e-01 -2.019064710796991680e+00
-2.641649894266594245e+00 -8.877575267689914895e+00 2.204221428753077028e+00 -2.297382859189422977e-01
-3.355930061515006724e-01 8.896706621317019170e+00 7.995531023558486439e+00 -9.717777657517312484e-01
-1.645409667556867905e+00 9.580691688668046879e+00 7.973093994392430162e+00 -6.684850346228482509e-01
-1.219552036469750300e+00 9.154952869802610138e+00 5.577024019715464132e-01 -1.855221585177877053e+00
-5.557566793749504352e-01 -6.053887034528601774e+00 1.298325088040843944e+01 -1.391329178124482313e+00
7.133315957999770696e-01 -8.482742644742906624e-01 -1.028637467987298493e+00 -2.374493425478052533e-01
-1.308446933038243110e+00 1.410799750688826348e+00 -1.020110482682780706e+00 1.303109184557602607e+00
-4.583309596670691377e+00 6.631840516989813139e+00 9.620871339319739590e+00 -1.876049266875422505e+00
-1.381804061246211024e+00 7.072781029669594766e-02 7.960163995658000147e+00 -3.999125623286663878e+00
-3.552207483239969044e+00 -1.129946945228769373e+00 1.631399623748650107e+00 -1.749415046562333487e+00
-2.827367583329726486e+00 7.558784265834441740e-01 -3.155526551233683197e+00 -5.373877263882679278e-01
-1.472951999870077966e+00 7.691158756525068974e+00 -1.776820941208478999e-02 1.741248920254915067e+00
-4.048495493152136859e+00 3.842443334914351638e+00 -1.671731131654327296e+00 -1.407711085726478073e+00
-2.414766681858097730e+00 6.595051809514678176e+00 -6.232746042376417606e+00 2.282951651153672934e-01
2.537546599848630180e-01 -7.324206653648954735e-01 -2.398118506476277556e+00 -3.027085521997574524e-02
5.397683356183970993e-01 1.934798286187943139e+00 -9.265830526150409696e+00 -3.920424545421121731e+00
-1.602010719429213026e+00 -3.916284959137342092e+00 4.145491942409273989e+00 3.786648327673038938e-01
-1.014225893902281239e+00 -7.418651022820655916e-01 2.003655597218815476e+00 -3.125132374083506193e+00
-5.051192839478169994e+00 -7.042508954868455184e+00 6.099995838308231555e+00 -1.514113700404952967e+00
-1.027422224433370168e+00 2.811926681977803266e-01 3.741899229537766658e+00 -2.249445045446950786e+00
-3.570237723821278575e+00 -3.193470736052533621e+00 -3.305649426216374920e-01 2.055756392932878818e+00
-8.184558052076738033e-01 -6.850007445482753532e+00 2.298152592831373742e+00 1.175865589388356724e+00
8.169923503544791465e-01 -5.734594820871506293e+00 6.297204589217164639e-02 -4.299641363845838171e+00
-1.494529058207899830e+00 3.114455487845320114e+00 6.330763158562467297e+00 -7.288056284417525621e-01
8.989928127517954337e-01 -6.010689693657891297e+00 -3.212602513594458475e+00 -3.168917478657601983e+00
-5.123494982195136771e+00 3.982197759577954521e+00 2.187381739721559359e+00 -3.450803009346142147e+00
-1.208936111387507228e+00 -4.691783867613222192e+00 -5.438948035251554458e+00 -1.633655671516928809e+00
9.672649810166942252e-01 -4.586187734939112026e+00 9.814173431257428248e+00 -2.346500487322021211e+00
-2.293170172834038567e+00 -9.069451426007482109e-01 -3.675849029740851481e+00 6.644380930025151066e-02
-1.690476453383095157e+00 -3.199508429293117295e+00 -3.736391920255359711e+00 1.190475691676016190e+00
4.289696376684399404e+00 -1.057437249203626140e+00 2.625319245865039619e+00 -1.520610039835331939e+00
-4.349164880303684200e+00 -7.032631777539947393e+00 2.133506456195842560e+00 -1.937229968247638379e+00
-2.129827249729482119e+00 3.217635544566038064e+00 8.615831205748268218e+00 -8.274951015049727410e-01
3.660515726534532277e-01 3.726844447947422090e+00 2.721916359627276183e+00 4.288262702172440655e-01
-2.625437585318571188e+00 2.944816519813903355e+00 2.997001547157956747e+00 -5.602778262099617379e+00
-4.371569485029516144e+00 7.517227808039492309e+00 3.570070746659796512e+00 -3.477344814147046215e+00
-2.215856174087770025e+00 -6.653245482329545268e+00 8.860164003378836473e-01 -1.290090864492699385e+00
-1.025402177080052102e+00 2.333240212194708896e+00 4.815676468111384168e+00 4.415452356451141647e-01
-1.734145601153294081e-01 1.022176139127104699e+00 5.318777134378528615e+00 -2.556204385132858192e+00
-1.157605766077332676e+00 -3.022011136579585866e+00 6.464590281842760078e+00 -1.982427323591682500e+00
-2.661340638375726986e+00 -5.198842937556349852e+00 -5.432324272481052319e+00 2.442384623611633554e+00
-1.344279837561298763e+00 2.826703930363378969e-01 6.261316018112291104e+00 -4.610815431273062259e+00
-1.482479315047511070e+00 1.850934412341094237e-01 3.798081166335700587e-01 3.140355080877479388e-01
-3.078135695632962410e+00 -6.720044603948980289e+00 -3.047305244898315113e+00 -7.337287401719151170e+00
-8.201091081240763359e-02 1.797063689998300129e+00 2.294717297433903180e+00 2.633652942408047259e+00
1.180206585089531579e-01 -4.517444591062159454e+00 -1.071914236790428809e+01 -1.915386403487154166e+00
-1.251137361023805239e+00 2.209080031265937549e+00 1.920800327047829104e+00 -2.489927003891456714e+00
-4.978850487980137629e+00 -2.519034143208611631e+00 -1.175423400216408787e-01 -3.739110066869286264e+00
-1.999147198077200427e+00 -2.727538112964456474e+00 8.433304076198036014e+00 -3.617055410626090595e+00
-1.619165232706732960e+00 3.658477295376586724e+00 -2.910362150485091615e+00 -3.391978933787587636e+00
-2.038920297087804201e+00 8.765029409982150188e-01 1.047448885327144374e+01 1.271351668893418996e-01
-1.378315766295872935e+00 4.661594869481310965e+00 6.611159045927575306e+00 2.243052414369294922e+00
-1.325477044106203595e+00 -4.360523219696369246e+00 5.687572149337281502e+00 -8.297405045313155370e-02
-3.048411176716181892e+00 6.702326221832739073e+00 -5.255615351034531813e+00 4.292857970453503036e+00
-3.868849045196745884e+00 -6.446485398051729376e+00 6.168842527561331224e+00 -1.097301035989471707e+00
-3.345921735854725299e+00 -3.529239943391834444e+00 -8.050717138196157308e-01 -4.000753696105368462e+00
-3.201144693938416275e+00 2.835227500522112365e+00 5.876578828883049610e+00 -3.050974544625624674e+00
2.266640110554560827e-01 3.137315481147270546e+00 9.983664180370640295e+00 -1.058406626711073439e+00
-3.125236828158783897e-01 4.442551332778871043e+00 6.989247540422301341e+00 9.123073087181121643e-01
-5.757781008314357685e-01 1.148654219726526593e+00 6.933072415014239098e+00 -3.856500910151766437e+00
-4.998143035886842611e+00 1.244494052031868847e+01 6.833597604779035883e-01 -2.100316744621997245e-01
-2.228892028518552948e+00 7.099982770769808660e+00 4.830170180731363061e+00 -3.183233934556099598e+00
-1.748404322989344006e+00 -1.019553149374564249e+01 -3.574392875376826151e+00 -2.021879651995405425e+00
-2.324044488228997896e+00 1.274384023069146332e+00 8.079495925806959633e+00 -5.027454542148586114e+00
-4.066251241876924105e+00 4.866699726956284167e+00 9.027350554801188309e+00 -1.739351092621892692e+00
2.850779231433364203e+00 -2.924401197626845139e+00 -2.070508704363531738e+00 -2.647731088483632256e+00
-3.253951794986220669e+00 3.973756618104278271e-01 1.282232539320910636e+00 -2.509796598556795821e+00
-2.879870458128598543e+00 -4.221527825625441821e+00 -5.567316106249043273e+00 -3.396736240316178712e+00
-3.509574534763060250e+00 7.688875322195161566e+00 6.932545752867186550e+00 -1.218370476964636628e+00
-1.696577547920560258e+00 -4.211849724581139931e+00 -3.079987906840834899e+00 -1.166286313018645160e-01
-3.308729125257602099e+00 -7.199806218452461160e+00 -7.811635444526778826e-01 -1.627144419303750089e+00
-2.999426013659409307e+00 -6.680818956793075358e-01 3.275998345232585152e+00 -8.875997937483459665e-01
-1.808649581710544130e+00 -3.657134592099624548e+00 1.057274587526829457e+01 -2.437497752531026407e+00
8.988154345215360053e-01 7.798247276243288617e+00 3.178581648114544134e+00 -1.892863069138779109e+00
-5.159998030511957268e+00 1.202259009256550115e+01 2.738470275489016448e+00 -8.322315852993056318e-01
-2.296555683381109603e+00 4.527204546432950671e+00 6.937696709764953340e+00 5.810503689876025391e-01
-3.813583402789772592e+00 3.461901978771171784e+00 1.032624639274268930e+01 4.127208911937558788e-01
-2.326143540622319428e+00 2.501740374852682081e+00 7.771333869914133885e+00 -1.509171231915169553e+00
-3.231939057765742529e-01 -1.632067042125336931e+00 7.531450477200543503e+00 -9.939705806565639623e-01
-5.275966236471424153e+00 -3.826409115355839496e+00 4.047118576647738664e+00 -1.183968896376826452e+00
3.566256898409982945e-01 1.953310570374341415e+00 1.010612365240066346e+01 1.051322674228906351e+00
-8.956086249609522820e-01 2.105286637508411829e+00 -2.110305344332627175e+00 -3.972890924158970716e+00
-2.141151835430019634e+00 -4.397635665235885227e+00 -3.941762221201146055e-01 -5.151071872579930933e-01
-4.512632448157001264e+00 -1.122712487422412053e+01 1.097897746494476579e+01 -2.703780222791422716e+00
-1.203572984632893750e+00 2.679781615847835141e+00 5.879823160342961152e+00 -1.423821997737658052e+00
-4.033651048743733369e+00 -1.189309692270293439e+01 3.400758149563602117e+00 -1.281592701129159462e+00
-1.005995034517568776e+00 -2.465010393828687363e+00 7.906559720902772703e-01 -4.744568595694930169e-01
-2.272529287987488100e+00 1.714442568295808433e+00 4.256474589286943555e+00 -8.768629362964990293e-01
-9.202294670434851831e-01 -1.338949928113669419e+00 -2.683459862250417327e+00 -1.298048307180557082e+00
-1.333358449599297169e+00 -3.402446343077220048e-01 -4.762516602580930680e+00 -8.579832071009798611e-01
-2.303151951975696665e+00 -1.356799753792636487e+01 7.988022309479061889e+00 1.144225447224955339e+00
-3.066222521913373633e+00 6.837928486822142382e+00 -2.001211540356414798e+00 -1.090993057382792619e+00
-2.640102868237181877e-01 4.569885099185407640e+00 1.656713254243880584e+01 -4.324374016246138375e+00
1.206235501789427733e+00 4.804122053774210421e+00 1.018910150615931620e+01 -5.995433052967571452e-01
-1.765325039063442292e+00 -2.685513103856894013e+00 4.499408232346127079e+00 -3.785353797736813242e+00
-2.500750237471942139e+00 1.805865459025692177e+00 2.341641118588742021e+00 -3.209906559370977241e+00
-2.452548343086013549e+00 -8.439169728496771938e+00 1.109952026185415619e+01 -3.610825091524646702e+00
-1.269247444338196029e+00 -1.706927892541045821e-01 -2.260183171289544379e+00 -2.557034336181546408e+00
-8.867606644844125974e-01 -1.087268277310824649e+00 -1.408714051809991652e+00 1.054278012429444189e+00
-8.804196345608581442e-01 1.209616235376041127e+00 3.806811532768853645e+00 2.501933188367468031e+00
1.084773378285460499e+00 1.010338204540541795e-01 7.961217015371412131e+00 -1.862555071219840208e+00
-6.411591374186820236e-01 -6.376743033845153619e-01 8.870855981032418569e+00 -9.753258829651074713e-01
-2.570698088622957123e+00 -3.717018894303888210e+00 -2.226851421624480576e+00 -5.753322019853171376e+00
-7.012994341566154421e-01 6.398309981881110886e+00 -5.388225015577521759e+00 -2.407582918103419178e+00
-2.976861540285491881e+00 6.574761277910591950e+00 6.540045283719218006e+00 -2.669963193356458042e+00
-3.332818267530678114e+00 2.115706434241858780e+00 3.666729171121128061e+00 -4.440237976756915117e+00
-7.827388446440599612e-01 -4.613573962821659435e+00 4.027053250717779420e+00 -6.920568202308234884e-01
-2.238979704027268536e+00 4.081377207722097999e+00 6.529290784424302885e+00 -3.578653499696963891e+00
-6.455858937531449904e+00 -3.139456426488501428e+00 7.096913431043210707e+00 -2.433446144920765608e+00
-4.310025268612662774e-01 -4.816946896029359770e+00 1.069940857446562532e+00 -1.780023553087847876e+00
-1.004588462184095032e-01 4.994689883340946324e+00 4.442981060942341465e-01 -6.695553866792908204e-01
-5.013927641610516073e-01 -1.127784453706344614e+01 -3.673106025795589868e+00 4.461175823002365703e+00
-2.693664507751885484e+00 -1.398927750044518969e+00 -7.397491574912859136e+00 -1.577054675681510254e+00
-3.360684384456023022e-01 -5.443237821141283739e+00 1.874058106968070625e-01 -2.218143258621315894e+00
-3.587661773079251937e+00 -1.802082115634054293e+00 2.182020717135851662e+00 -8.557444626323950088e-01
-1.959075495706670056e+00 -3.237013398408459253e-01 9.614391939471227388e-01 -5.936578542316440554e+00
1.127997020427321306e+00 1.270065919245199071e+00 -9.476542070829099274e-01 -4.628684009178401837e+00
-6.344357496210961678e-02 -1.443398527857244984e+00 -6.751107940102228255e+00 1.050222610922724176e+00
-3.556715586147967123e+00 1.279253132858375386e+00 6.797156534679750450e+00 -2.944370041211777256e+00
-3.395015938419128076e+00 -5.684338765582955588e+00 -5.094511025565394036e+00 -2.285662322599077978e+00
-2.572349346194085395e+00 4.712636591283299481e+00 1.081679363754662937e+01 2.318816625226320927e-01
-1.263676041687307183e+00 -1.168702194528737692e+01 2.794167254368937758e+00 2.131836549463560271e+00
-2.873491628946548637e+00 -9.095660862594902030e-01 2.351934262394727249e+00 -2.279707795532299297e+00
-1.697948210427330240e+00 4.480896539007765966e-01 1.496661694383991836e+01 -1.045266265378652859e+00
-1.108867415517873933e+00 -3.738343387879506707e+00 1.439639121672988153e+01 -1.876156486963414416e+00
-2.454122108508035360e+00 -7.216969266101889602e+00 3.315017815034045690e+00 1.954813496277478801e+00
-2.527588727290674075e+00 3.187383106345525796e+00 8.284680019054473377e+00 6.534693363932557730e-01
-2.675097216164916247e+00 7.779148050010824100e+00 -8.500150368304600690e+00 -3.556030657938094919e+00
-3.538095980380993044e+00 7.795113880800310646e+00 6.339141693035832859e+00 6.230350036331153696e-01
-5.726115304553440311e+00 -4.434869510323292907e+00 -2.574627842593353311e+00 -1.486143963843101101e+00
-5.766952887897331959e-01 -2.041232010283050791e+00 8.025262988056182323e+00 -1.209911756415158024e+00
2.181653536094891876e-01 -5.655962900998160237e+00 -3.488164394170366389e+00 1.207965391703939240e+00
-2.109253396745244480e+00 1.482332958447124094e+00 2.573804217152823259e+00 -5.534417046397812623e-01
-1.093313757918354057e+00 8.964648692083384773e+00 5.448234898843410612e+00 -3.457394551215996703e+00
-1.992543728609190490e+00 9.106916948571537329e-01 8.297492920132366834e+00 3.284616383363072600e-01
-1.528176925906955530e+00 -8.762403016145068335e+00 6.987606624137479017e+00 -3.935305710853893579e-01
-4.305806240061203383e+00 -3.692769829024587835e+00 1.828539240124571918e+01 1.256675513494166729e+00
-3.266576924438550300e+00 3.508272876281433028e+00 -1.480728183015758148e+00 6.733943076298865016e-01
8.427769162495257760e-01 5.199431426823291069e+00 1.364948264052037707e+01 -1.899281144719204395e+00
-4.010891533972196221e+00 1.841777068475897616e+00 3.324250910490100797e+00 -2.914424916324692028e+00
-6.601121542914856200e-01 4.032036216215394653e+00 9.713490757593872260e+00 -2.413157399046852447e+00
-1.792247191580049970e+00 -6.218919365294533819e+00 8.541309168715696121e-01 -2.182262188694936711e+00
-1.728957933963162885e+00 2.109150430371267149e+00 6.990997220189607120e+00 -1.709176716247791106e+00
-3.041703494676835984e+00 -6.712820611588296238e+00 3.030145084396767885e+00 3.393154587211519413e+00
-4.363978843280258424e+00 6.867838037404083718e-01 4.247510496072257169e+00 2.819400307609170042e-01
-5.268264443829562271e-01 2.863813728221678012e-01 7.535883568047724523e+00 -5.946305892677050675e-01
-5.213352360561603227e+00 2.098708256278229989e+00 2.747827851430019841e+00 1.526328638893127199e+00
1.654728007001986079e+00 2.814464943578351530e+00 -5.082097601536750275e-02 4.928394711969031228e+00
-2.784269527001586031e-01 4.580564114329677139e+00 2.010631172627264096e+00 -1.115599538980604821e+00
-2.360074610044734733e+00 2.035022199717557712e+00 1.266838688216686926e+01 9.135822108848055123e-01
-1.786423096503900521e+00 -2.248647362983158704e+00 -9.704245642240307390e+00 2.199628640926236667e+00
-1.818687874373721147e+00 -3.309159120176758506e+00 -6.107312049338890603e+00 1.031801018115090507e-01
4.454899939259857611e-01 -1.445733256941542422e+01 1.384842803586491833e+01 -1.684126603887902140e+00
-1.879406990850708281e+00 -8.409525128203235056e+00 1.535098684096960042e+00 -1.691990303757624714e+00
-9.904626664506587241e-01 -2.199264889936737966e+00 -1.980177627960201914e+00 7.328633534687742923e-01
-7.425141563010080326e-01 4.446766605617641588e+00 -5.388217700402622157e-01 1.061396731440078511e-02
-6.114551869462474532e-01 1.076251382954635405e+00 6.882303783528085361e-01 -2.902518524295690128e+00
-4.693666480840164468e+00 -5.936404884537918925e+00 1.327616399490858967e+00 -3.963062400291991860e+00
-3.641278755944975742e+00 -1.087387754608835166e+01 4.971734743274749846e+00 -2.414876565760195604e+00
1.429632416312894172e+00 2.212829958304110001e+00 1.774107410180384647e+00 -4.450007197853528496e+00
-2.946162042059707442e+00 4.864133155851659396e+00 1.084167376701646113e+01 -2.501126250139939167e+00
-2.942660550419251564e-03 -1.938852928943816556e+00 2.070885738053876768e+00 -7.327867656601160240e-01
-2.944863108081998693e-01 -9.823859093546642995e+00 2.419571180737557281e+00 -5.462973463817529796e-01
-1.814873779775092455e-01 5.374559465579590523e+00 -6.640251725007093597e+00 -7.098259944816489586e-01
-3.689066296461911865e+00 2.228794848905115700e+00 -5.731929540066220241e+00 3.031668157743021119e+00
-2.266732726057677283e+00 -1.027483091285981587e+01 5.312275756936317705e+00 -5.316395978497022057e+00
-2.223502219608244346e+00 -7.203869762358414697e-01 3.860767449354397307e+00 -4.365405848707139214e+00
-8.796009341552903926e-01 5.274089067756055016e+00 2.000213795261172045e+00 -3.622473694539639855e+00
-3.105316286751819810e+00 1.750722720015173595e+00 5.620375895667261368e+00 8.146066075709614829e-01
-4.314994930953522712e+00 3.036239914205306256e+00 -1.165086334878157714e+00 2.220971684686552816e+00
-4.192588683466186517e+00 6.654054077853309046e+00 7.956893899843663576e+00 -1.787326211413509558e+00
7.463641778838958629e-02 1.149996265719419597e+01 -4.204819421328288342e+00 -1.071960047063169386e+00
-3.365462645378843654e+00 1.236927160792700375e+00 8.787516485503141794e+00 -2.108663316051777148e+00
-1.884866583743679547e+00 -4.784702656492054729e+00 -9.214824640393399768e-01 -2.401254403925447534e+00
-1.147719813844228387e+00 -1.583492136960910734e+00 2.423327977438489267e+00 -1.445322031772851012e+00
-1.607633040616521569e+00 -5.517240974410262844e+00 8.370413132986542770e-01 -1.601132765621080978e+00
-4.332933504794864277e+00 -9.311292470068098792e-01 3.009096568688912399e+00 -3.213333807681697518e+00
-1.002650826724575062e+00 -8.884807182717348040e-01 -1.056701243594175388e+01 -7.163321360142269612e-01
-3.335126805868765310e+00 -1.024082385204873091e+01 7.331741828448251397e+00 -2.843806462880154040e+00
-4.995301905511622564e+00 -5.389396023294198423e-01 9.770785665737623304e+00 -9.083768272206487193e-01
-3.175204668215727999e+00 -5.815360471591207947e+00 3.107993373789791125e+00 -2.417230936666471486e+00
-1.587943561877349419e+00 8.553651975728563173e+00 -2.717114716169803490e+00 9.118570690560967584e-01
-2.853202466807801319e+00 -3.306300170080949563e+00 -1.111890411861373273e+00 4.664340478297968051e-01
-9.727895941030408888e-01 7.530243482654216614e+00 -4.999812026196989834e+00 1.929630045847585684e-02
-3.661338946081207801e+00 -1.423880201047219796e+00 9.597770837554049805e+00 -2.010967575193720602e+00
-1.377269984370828704e+00 -8.276746309415649705e+00 7.219201847453030396e+00 -1.081763694434058065e+00
-1.035195859217354908e+00 8.308984658306583171e+00 6.786236040368713418e+00 -1.903725501541382759e+00
-5.203924671792508505e+00 3.883017500772807828e+00 7.561991988377487317e+00 -1.811896696709674570e+00
3.566234832584345149e-01 6.979271401243265949e+00 -7.471301767519113568e+00 -2.156965402205801130e+00
-2.172823860152827358e+00 -6.869967671111535168e+00 -7.031565560315256036e-02 2.030734008510271860e+00
-5.077325686874985422e+00 5.651639061462231162e+00 1.284383824137441898e+00 -4.132812457771728454e-02
7.275450913656467122e-02 -7.164497257642190142e+00 1.693898650890633295e+00 -2.735486758756095593e+00
-4.497138774502586145e+00 5.531582618424339515e+00 4.498341984605844779e-01 -2.790971404220766949e+00
1.336890937497503096e+00 2.977309839017742377e+00 -3.501840666560698256e+00 8.337058023871284362e-01
-1.843113160367242154e+00 -9.602270547700214820e+00 4.339694258518574266e+00 -1.692576213905936156e+00
-1.845809153081015896e+00 -5.769558177797140530e+00 4.240004063481928043e-01 -2.808002070055874544e+00
5.818749903040054683e-01 2.789383511457013576e+00 9.052732097860513250e+00 3.715620702607025372e-02
-2.435939482928961564e+00 -2.948918894301828963e+00 -1.205445238871897651e+01 2.829726178800004988e+00
-3.386586770781705891e+00 -6.827483990299858974e+00 7.054520333086964357e+00 7.865243393732006538e-01
-1.699604350403358444e+00 -7.600777210299797026e+00 -8.034068517769041406e+00 4.668948393159688681e-01
-2.958383185258997461e+00 -7.527711436520450050e-01 8.780578938384302035e+00 2.323986848758461399e-01
-2.375060613856406988e+00 -5.596443268950770822e+00 -1.289235768741194832e-01 -1.216942711442762892e+00
-2.399812585917432628e+00 -2.428731962996596661e+00 -3.619327259611354375e+00 -4.973519353369121321e-01
-3.482057377110321372e+00 -1.356462484805468804e+01 -2.653136821036778503e+00 3.868154843882216642e-01
-1.252997618861772633e+00 3.192857445994095045e+00 4.740305740590530448e+00 2.031470403794990442e-01
-2.811550493012288321e+00 -1.665434889888157244e+00 1.099018274724727817e+01 2.628473012318584878e+00
-3.333333475305426674e+00 -7.265179045405578684e+00 -6.014382140354168627e-01 -3.518390683257954787e-01
-2.709342744651108248e+00 -8.399689707032074182e+00 9.503409402620961899e+00 -2.669433557825133363e+00
-1.328988703644329306e-02 4.989203230138199885e+00 1.366093855885673491e+01 -2.689470233395489629e+00
-3.541297664774809562e+00 -7.369182460542589297e+00 1.987927569611861678e+00 -3.150526154670544088e+00
-3.072478645656254503e+00 -1.606512687562946518e-01 1.614231119208852050e+01 -2.951335086428652499e-01
-3.387736472571132751e+00 -6.423422053521320230e+00 6.471367597499346758e+00 3.558557222314584489e-01
-1.615546547067275185e+00 5.710483271526587856e+00 -1.694182629523238948e+00 2.210696579667383421e+00
-4.824325350808708279e+00 -8.060895469516097478e+00 -8.794638744624760918e-02 -1.194439162767207074e+00
-3.771374849912598748e+00 -9.669607824790219297e+00 3.452792527576971970e+00 -4.149825223109186112e+00
6.572115792722987848e-01 4.147501840649900018e+00 -1.532266733002626502e+00 1.591755250685065182e+00
9.874911746963239700e-01 -3.027479219284656242e+00 -3.107520870468727825e+00 1.351834916588590119e-01
-4.817448118291700609e-02 -8.415206173164547110e+00 9.885807170870741345e+00 -8.911518203436422647e-01
-1.236876528781835072e+00 -5.731791190335635555e+00 8.673415662468450194e+00 -4.455654817875983831e+00
2.465910394282948559e-01 -2.583365955932641178e+00 8.151602465817020970e+00 -5.360763753558233979e+00
-8.776860224092417617e-01 -4.540489652010685440e+00 1.606581858289776221e+01 -8.679009481453059394e-02
-1.073857482237456029e+00 3.774583925037442889e+00 1.020713602374523887e+01 7.049321185497940956e-01
-6.154586027806442594e+00 3.557470151051214557e+00 8.452991927511275261e-01 -1.504058385673954668e+00
-3.649606396993069879e+00 2.333139922747009543e-01 -2.273841807553884653e+00 -1.475873566852465846e+00
-9.150194575471470859e-01 9.349535795693753926e+00 8.439556453095338640e+00 -2.695308559186153197e+00
-1.255753470653079518e+00 -3.428288233587673872e+00 -3.923089971082718286e-01 -1.490999243423316134e+00
-3.672753869481817812e+00 -2.855109148932970520e+00 1.054008169222612956e+01 9.428921554673492800e-01
-4.188295806343282024e+00 -1.284274012576528845e+00 -5.241170006262789727e+00 -5.961716471540025042e-01
6.847109985384007835e-01 -6.605366106649642965e+00 4.301517765614655708e+00 -3.807796704044652980e+00
-1.292917530029422668e+00 2.099497953034728859e+00 -4.371052400977937680e+00 -5.822489593923447782e-01
-1.018386491717476305e+00 -7.489214340515965018e-01 6.545120450314426463e+00 -3.241532739714900746e-01
-3.596594448428409585e+00 7.815802172471673082e+00 -7.769523944562527262e+00 -1.660532336322928515e+00
-7.014012776124476378e-01 -6.458485481378853699e+00 1.422894948006867644e+01 -1.731159750832909294e+00
9.802611075484448655e-01 -1.918111030879239287e+00 3.240836478076169591e+00 -3.104567926282312484e+00
-4.526834418968119778e+00 9.484684535169536801e+00 5.970591920133985653e+00 -1.677526101990050922e+00
-2.761441344880544158e+00 6.916191016046207007e-01 -9.213605403723519771e+00 -2.388457605125382965e+00
-3.593017035171778062e+00 -3.387814306463131864e+00 3.468024033161538178e+00 -1.986833055943084680e+00
-1.008583010625170973e+00 2.284183691855556919e-01 -3.511179392206458250e+00 -1.394443370119615944e+00
1.469145545130432051e+00 4.931095383402703813e-01 7.655414102596255432e+00 -7.677211610319076840e-01
-1.930459695942390308e+00 -4.143318458652428760e+00 1.252269489487460241e+01 -3.094896293882447580e+00
-4.357919196889892266e-01 -8.930245812828371044e+00 5.880153843839050154e+00 5.610807945352092041e-02
-3.673618109824530187e+00 -6.113135123498283363e+00 1.942930062316909012e+00 -1.441258956305590200e+00
-8.733015310299352407e-03 -4.149549062503232300e+00 -5.959438109735573974e+00 1.282998334153064857e+00
3.320597541145932752e+00 -7.795834375561545571e+00 8.931730461915148300e-01 -1.417450608073985041e+00
-2.448142385707463120e+00 -5.628907865414875644e+00 4.318421870140722874e+00 -3.384961834136087866e+00
-1.560756113000187684e+00 -2.025191390360476351e+00 -8.139547428585274247e+00 -1.070909757311967692e+00
-1.165687529768533182e+00 -4.639020070590011535e+00 2.037704119587303797e+00 -2.875231919394748203e+00
-4.115249127626592340e-01 -8.786846318078401552e+00 3.857068397844406693e+00 1.502359172876179816e-01
2.403492319001649058e+00 -5.338287496352029038e+00 1.017498803185037559e+01 -1.393901661479113763e+00
-1.479664526991532281e+00 -5.667216722443497723e+00 5.912609870207818474e+00 -3.987936486293630622e-02
-5.013894731654169323e-01 -1.356307219705585787e+01 2.925086119986006761e+00 -5.281509438445073812e+00
-9.589123021211263254e-01 1.332771797174512551e+00 7.074645949514380305e+00 -1.668375690209703555e+00
-3.026402633215221627e+00 -7.099784363722961622e+00 -4.496201692301551311e-01 -1.011714921592303584e+00
-1.199179544354319393e+00 -2.550817652970813754e+00 -2.056600752995883408e+00 -3.018653961935971797e+00
-1.091595613436569856e+00 4.955394206082777586e+00 3.196583542022524593e+00 -2.805690853671671814e-01
-2.132092051665157584e+00 -1.753491171792106229e+01 7.211938175787487637e+00 4.084673525895528012e-01
2.276222386740251125e+00 -1.484422923810074124e+01 5.263040248901886820e+00 -8.313992842170974118e-01
8.282537902018494158e-01 -2.293929475401483842e+00 -2.711748137980565243e+00 1.720748868082940586e+00
-1.124955277912387253e-01 -9.451927202623419788e+00 -5.447974859199492315e+00 4.450151878999439425e+00
-2.092828171503125834e+00 1.318768454436285653e+00 1.584370001024668362e+01 -1.817869400898481258e+00
-1.044093595315698675e+00 -3.482453569623543466e+00 1.202208203011599075e+01 -1.588860798274750463e+00
-3.156064237840175313e+00 -1.017246394940499776e+01 4.386874620805107483e+00 -2.219959816758630744e+00
1.212356127921973670e+00 -3.195201638124927079e+00 2.305490368939310919e+00 -1.191325065694094576e+00
-7.368843722039317701e-01 -4.943708508491254427e+00 3.596783595603162631e+00 5.219623818919898461e-01
-4.171160913067502030e+00 -8.020849499379304248e+00 5.428910048883546224e-01 1.031632909427161682e+00
-3.905276456852173173e+00 6.309239131924234023e+00 -3.843898411344651489e+00 -2.061216937994174714e+00
-2.412239238015478016e+00 2.981537487851167789e+00 1.863676132801808105e+00 -2.109469783279010802e+00
-8.301552435522667750e-01 -9.011047960356318498e+00 9.005330695646422967e+00 -1.544653206494905895e-01
1.490255155508654727e+00 -5.157754982045262615e+00 3.645547794902387118e+00 -7.581951913160613898e-01
8.276735669683854546e-01 7.017817550841615848e+00 1.534349888935857775e+00 -2.638854894090890468e+00
2.637983758618802632e-01 -7.521823893235850989e+00 5.332668619551566458e+00 9.871324204543965308e-01
-3.264016673001568947e+00 1.641767677365930433e+00 8.757532122226354687e-01 7.979938021009740368e-01
-3.532922207397428682e-01 6.487805344986617762e+00 2.970507041919384861e+00 8.561099796858750999e-01
-1.428519530047826613e+00 -1.935478231424386575e+00 8.305763272132777431e+00 -4.029514282063913377e+00
-9.576849391057269401e-01 -8.429234353390032908e+00 1.453351343913151350e+00 -7.340130556940547280e-01
-9.720382035769874474e-01 -6.029191970547461921e+00 7.234919033066056215e+00 -7.736416952072070474e-01
-6.980242884846155960e+00 -3.575716773807291915e+00 2.176350086499682313e+00 -2.738127506811098844e-01
-1.237617461452047429e+00 1.370415378445633436e+01 -1.522186978459613815e+00 1.887676000700102552e+00
-5.646040054404739550e-01 -1.903148048077291321e+00 -7.109629974451432410e-01 -1.387581480240937859e+00
-4.125164508824186171e+00 -6.132225167597685100e+00 1.573608792232108478e+00 -9.359124542889409870e-01
-2.954948433873929581e+00 -3.442108392871764400e-01 1.988324982410813790e+00 1.167987636964550546e+00
-4.843642367707614582e-01 -5.642298975896962165e-01 5.856757554182658865e-01 -3.547457874883397366e+00
3.730977690115993894e+00 -4.890054618401343589e+00 3.830514695854836837e+00 2.209711566708812747e+00
-4.321978626844018123e+00 3.911781004190766353e+00 7.601900091640301227e+00 8.651279701567999858e-01
-4.115660779763178567e+00 4.282089505293252607e+00 4.409805337448595708e-01 1.830614001957309167e+00
-3.470723572319405648e+00 -6.649174203829072205e+00 3.729551883168088722e+00 -3.814029694875067822e+00
-2.393146633858602712e-01 6.145810283672353158e+00 9.892863085350169783e+00 6.379717559920168313e-01
1.045280720936165864e-01 -2.279443259160339075e+00 6.466674882035372107e+00 1.021695909662063251e+00
-6.799120196589341081e-01 -1.083029435103186877e+01 5.786007982781745440e+00 -2.082766509405208577e+00
-1.461855922584680112e+00 -1.305065915207852090e+00 -1.076200649040953117e+01 -2.130332990336829546e+00
-6.032584224089544200e+00 7.883507484172385116e-01 -7.450006979305834776e+00 -3.748266965015236263e+00
-3.979092458290121481e+00 -6.511956248767187816e+00 1.041925268181490871e+01 -1.405223192724347037e+00
-3.275710946551942726e+00 -1.987111428632648114e+00 6.943091047859764053e-01 -1.764047715442371711e-01
-1.130829969184258932e+00 7.848412578464714073e-01 5.926881354477005814e+00 -2.065141251706474002e+00
-2.361070325019464011e+00 1.125299867721067271e+00 -3.845924540171178574e+00 6.253298155184086049e-01
-6.317957618670714481e+00 -1.439814627364190525e+00 -8.968272825530011261e+00 -2.890841840231792581e-01
-4.622515700257636695e+00 2.866031245103747516e+00 1.213579061093394307e+00 1.618182111443985605e+00
-1.308258772908488021e+00 -7.717330682493539484e+00 5.513771247565379952e+00 9.780730562119157590e-01
-7.952299257859973824e-01 -2.801165776370416083e+00 -5.570938636112909847e-01 -1.589115797631246441e+00
-4.164691118239193024e+00 2.896656399647975277e+00 -1.537770882917325999e+00 6.158700467444773174e-01
-6.301239514929227070e+00 2.401248615754691507e+00 5.531665833211480532e+00 1.330681321662134486e+00
-1.761443194517541055e+00 1.100214994498540477e+01 1.190780203048435126e+00 -2.727365392229063268e+00
-4.961838212345620391e+00 -3.444396113422681260e+00 1.101594156259326596e+01 1.617767974079908910e+00
6.928973622052549963e-01 -3.902328509553476543e-01 -2.997145979154044237e+00 1.045744849407126420e-01
-6.928560838603865513e-01 8.139225545594293010e+00 1.027135817715127297e+00 -9.309199646744668044e-01
1.924214217139212035e+00 -2.013480616768976716e+00 8.818280618846690899e+00 8.597321116259872831e-01
1.118507964032504631e-01 8.167597351575363263e+00 3.905042558630746896e+00 1.226722293969591870e+00
-3.190034257338452139e+00 1.953354760002184998e+00 1.336462487673878652e+00 -7.734096000661990766e-01
-3.975717369374434096e+00 4.405110179265707693e+00 1.282074889174841203e+01 -5.473382287752500908e+00
-2.650070229464373650e+00 -1.182162233183464917e+00 5.615330554684677011e+00 -3.542636927536779723e+00
-4.087826030264468002e+00 1.427917200097036377e+00 -5.144669477294043780e-01 -2.504819173346281680e+00
-1.570054872658525058e+00 -7.258556237541879952e+00 7.283292334025309955e+00 1.936452577158485067e+00
-1.914991506133536303e+00 -8.976684669621068480e+00 2.136088820062183480e+00 1.718879730131713579e+00
-5.830238896688575423e-01 -3.586961800103226850e+00 1.092512746466548723e+00 -2.203265094617124831e+00
-3.098627803055091778e+00 -6.779063563906785328e-01 5.436110890111028660e+00 2.218909685775427576e-02
6.056668536338358777e-01 6.407040220485815674e-01 -4.193258393964289787e-01 2.809079610456416631e+00
-2.690243443203770290e+00 3.667079993431302753e+00 6.774013457373769143e+00 -2.873949732469860407e+00
3.369404208490163199e-01 1.239576773783632957e+00 7.175705799021935505e+00 -1.811908541037090536e+00
-3.730370855245243256e+00 2.213318174443809738e+00 -4.099979527912369193e+00 -1.509112131841838789e-01
5.903021980696192550e-01 -4.135888985097757597e+00 1.398250349548295635e+00 -3.826018131701848901e+00
-1.460558696083128272e+00 6.001779114716552677e+00 1.416221171435104953e+00 -3.403684292592236815e+00
-1.830338908683240007e+00 9.198830833161521170e+00 -3.894108544317318454e-01 -2.571262276713959682e+00
-4.297384844526899172e+00 6.104432144774609714e-01 -2.447549521276179973e-01 -2.457467561084322849e+00
-6.868262857735552007e-01 4.045114417515481620e+00 6.033861624287021996e+00 -4.802386081437473919e+00
-4.923787762035565230e-01 8.636929285678782708e-01 -4.326169819357229329e+00 -1.711333269532502310e+00
9.312796860920951048e-01 -1.097163472556676389e+01 2.601696779466817766e-01 -3.712313481128153292e-01
-4.080181012443587107e+00 -3.810292642302524513e+00 6.031681894426574875e-01 -2.448794752150556420e+00
-1.698898835413205965e+00 2.633680893829136949e+00 -7.773450286349525840e+00 -4.305739821547158730e-01
-3.616709670753533779e+00 -5.273157250989044087e+00 -2.857308618547423240e+00 -1.397827503849964792e+00
-1.417026117596214441e+00 -5.049809816870610701e-01 4.905623627740657966e+00 -2.384601413753020260e+00
-2.043654549225601968e+00 7.654808531769107027e+00 2.536011089745422886e+00 -4.711002335843071931e-01
-2.201755255954957136e+00 -5.596261365604128457e+00 -5.018357484858933404e+00 -1.851933587509189127e+00
-4.352319331754326726e+00 -7.498990965906627615e+00 6.290426388722085704e+00 -1.695711262457835877e+00
